114
64
40
20
20
20
20
20
20
20
20
20
40
20
20
20
20
20
20
20
20
20
40
20
20
20
20
20
20
20
20
20
40
20
20
20
20
20
20
20
20
20
40
20
20
20
20
20
20
20
20
40
20
20
20
20
20
20
20
20
20
40
20
20
20
20
20
20
20
20
20
40
20
20
20
20
20
20
20
20
20
40
20
20
20
20
20
20
20
20
20
40
20
20
20
20
20
20
20
20
20
40
20
20
20
20
20
20
20
20
20
40
20
20
20
20
20
20
20
20
20
40
20
20
20
20
20
20
20
20
20
40
20
20
20
20
20
20
20
20
40
20
20
20
20
20
20
20
20
20
40
20
20
20
20
20
20
20
20
20
40
20
20
20
20
20
20
20
20
20
40
20
20
20
20
20
20
20
20
20
40
20
20
20
20
20
20
20
20
20
40
20
20
20
20
20
20
20
20
20
40
20
20
20
20
20
20
20
20
20
40
20
20
20
20
20
20
20
20
20
40
20
20
20
20
20
20
20
20
20
40
20
