76
64
30
60
30
60
30
30
60
30
30
60
30
70
30
30
60
30
30
60
30
60
30
30
60
30
30
60
30
60
30
30
60
30
30
60
30
70
30
30
60
30
30
60
30
60
30
30
60
30
30
60
30
60
30
30
60
30
30
60
30
70
30
30
60
30
30
60
30
60
30
30
60
30
30
60
30
60
30
30
60
30
30
60
30
70
30
30
60
30
30
60
30
60
30
30
60
30
30
60
30
60
30
30
60
30
30
60
30
70
30
30
60
30
30
60
30
60
30
30
60
30
30
60
30
60
30
30
60
30
30
60
30
70
30
30
60
30
30
60
30
60
30
30
60
30
30
60
30
60
30
30
60
30
30
60
30
70
30
30
60
30
30
60
30
60
30
30
60
30
90
