64
64
30
40
30
30
40
30
30
40
30
30
40
30
30
40
30
30
40
30
30
40
30
30
40
30
30
40
30
30
40
30
30
40
30
70
30
30
40
30
30
40
30
30
40
30
30
40
30
30
40
30
30
40
30
30
40
30
30
40
30
30
40
30
30
40
30
30
40
30
30
40
30
30
40
30
30
40
30
30
40
30
130
40
30
30
40
30
30
40
30
30
40
30
30
40
30
30
40
30
30
40
130
30
40
30
30
40
30
30
40
30
30
40
30
30
40
30
30
40
30
30
40
30
30
40
30
30
100
40
30
30
40
30
100
30
40
30
30
40
30
30
40
30
30
40
30
30
40
30
30
40
30
30
40
30
30
40
30
30
40
30
30
40
60
40
30
30
40
30
30
40
30
30
40
30
30
170
30
40
30
30
40
30
30
40
40
